num_scal_reads = 42

scal_read_bcm1_current = 76.9181, 77.1952, 77.2311, 77.5231, 77.4706, 77.6146, 77.3372, 77.4038, 77.5206, 77.3514, 77.1483, 77.1948, 77.2395, 78.1339, 78.1716, 78.2659, 78.0126, 78.0651, 77.8306, 77.7492, 77.982, 78.0635, 77.2758, 77.202, 26.7962, 0.030994, 0.0300998, 0.0304413, 0.0309161, 0.0312622, 0.0310831, 0.0308594, 0.0309045, 0.0268597, 0.0315302, 0.0308962, 0.0315485, 0.0318205, 0.0313285, 0.0302565, 0.0309042, 0.0313178

scal_read_bcm2_current = 77.8997, 77.7236, 77.7614, 78.0608, 78.0077, 78.1563, 77.8717, 77.9399, 78.059, 77.8847, 77.6767, 77.7248, 77.7718, 78.6875, 78.7266, 78.823, 78.5638, 78.6167, 78.3765, 78.2926, 78.5315, 78.6152, 77.8083, 77.7322, 26.9932, 0.0518541, 0.0517489, 0.0517366, 0.0518998, 0.0518541, 0.0517491, 0.0516964, 0.051854, 0.0518274, 0.0517492, 0.0519078, 0.0517605, 0.05188, 0.0518272, 0.0518277, 0.0518536, 0.0519135

scal_read_bcm4a_current = 75.7761, 75.6908, 75.6947, 75.7039, 75.7027, 75.7043, 75.6997, 75.701, 75.7031, 75.6995, 75.6907, 75.6938, 75.6856, 75.707, 75.707, 75.7071, 75.7068, 75.7069, 75.706, 75.7051, 75.7063, 75.7062, 75.6981, 75.6951, 26.681, 0.664175, 0.664108, 0.664076, 0.664592, 0.664953, 0.664984, 0.664692, 0.665342, 0.664789, 0.66518, 0.664745, 0.665014, 0.665049, 0.665113, 0.665244, 0.665665, 0.664851

scal_read_bcm4b_current = 78.1928, 77.9623, 78.0004, 78.3075, 78.2516, 78.4059, 78.115, 78.1867, 78.3081, 78.1358, 77.9279, 77.9828, 78.0352, 78.977, 79.0177, 79.1197, 78.8552, 78.9098, 78.6644, 78.5809, 78.8306, 78.9196, 78.0927, 78.0195, 27.653, 0.903946, 0.90541, 0.903788, 0.904441, 0.904155, 0.904782, 0.90268, 0.902685, 0.90373, 0.901005, 0.902081, 0.902093, 0.902683, 0.902469, 0.902474, 0.90373, 0.902925

scal_read_bcm4c_current = 74.6911, 75.0924, 75.0933, 75.3459, 75.3538, 75.4531, 74.9642, 75.1083, 75.2362, 75.2421, 74.8984, 74.9032, 74.9881, 75.8956, 75.8896, 76.0355, 75.8159, 75.8633, 75.6429, 75.5961, 75.9357, 75.9735, 75.1494, 74.9738, 26.487, 0.732464, 0.732262, 0.732566, 0.733772, 0.734793, 0.735923, 0.733592, 0.734659, 0.733925, 0.73213, 0.733229, 0.732917, 0.73366, 0.733791, 0.735857, 0.736521, 0.736917

scal_read_event = 1, 3960, 7954, 10000, 13903, 17928, 20000, 23993, 28008, 30000, 33906, 37932, 40000, 43974, 47921, 50000, 53955, 57949, 60000, 63950, 67931, 70000, 74012, 77951, 79340, 79348, 79357, 79366, 79373, 79381, 79389, 79397, 79404, 79412, 79419, 79427, 79434, 79441, 79450, 79457, 79464, 79464