num_scal_reads = 60

scal_read_bcm1_current = 29.5779, 29.799, 29.654, 29.6681, 29.7598, 29.8568, 29.8688, 29.8512, 29.6175, 29.6486, 29.7993, 29.7211, 29.6667, 29.7531, 29.7457, 29.72, 29.7015, 29.7989, 29.9461, 5.86435, 0.0281315, 0.0286334, 0.0287053, 0.0293447, 0.028325, 0.028192, 0.0282729, 0.0280577, 0.0282185, 0.0282046, 0.0281862, 0.0287508, 0.0281246, 0.0281175, 0.0282607, 0.028827, 0.0290986, 0.0294589, 0.0288717, 0.0288879, 0.0291184, 0.0288464, 0.0282771, 0.0277721, 0.0276475, 0.0279945, 0.0286792, 0.0288343, 0.0283137, 0.0279049, 0.0278647, 0.0279701, 0.0277792, 0.028262, 0.0288299, 0.028603, 0.0285854, 0.0284101, 0.0287002, 0.0286563

scal_read_bcm2_current = 29.2959, 29.9142, 29.7685, 29.7838, 29.875, 29.9717, 29.9835, 29.9657, 29.7315, 29.76, 29.9132, 29.8344, 29.7763, 29.8665, 29.8587, 29.8345, 29.8141, 29.9114, 30.0595, 5.90515, 0.0518375, 0.0518518, 0.0519006, 0.0519385, 0.0519294, 0.0519151, 0.0519555, 0.0519536, 0.0519387, 0.0519, 0.0519462, 0.0520165, 0.0520179, 0.0520075, 0.0520392, 0.0520624, 0.052054, 0.0521109, 0.052038, 0.0520131, 0.0520668, 0.0521008, 0.0520622, 0.0520785, 0.0520733, 0.0520616, 0.0521076, 0.0520793, 0.0520998, 0.0520294, 0.0520352, 0.0519747, 0.0520225, 0.0519069, 0.0519324, 0.0519186, 0.0519533, 0.051937, 0.051983, 0.0519797

scal_read_bcm4a_current = 29.5559, 29.8597, 29.717, 29.7306, 29.824, 29.9205, 29.9343, 29.9149, 29.683, 29.7092, 29.8632, 29.7904, 29.7367, 29.8194, 29.808, 29.784, 29.7614, 29.8568, 30.004, 6.39098, 0.669559, 0.668861, 0.668659, 0.667422, 0.667488, 0.667721, 0.669159, 0.668426, 0.66739, 0.66622, 0.666739, 0.666648, 0.667889, 0.667953, 0.6681, 0.669148, 0.669073, 0.668949, 0.668716, 0.668783, 0.66894, 0.669894, 0.670306, 0.669848, 0.669122, 0.668689, 0.669057, 0.668249, 0.667917, 0.668402, 0.667724, 0.667046, 0.667135, 0.666615, 0.667628, 0.667483, 0.66764, 0.667394, 0.668444, 0.668456

scal_read_bcm4b_current = 29.2055, 30.026, 29.8778, 29.8905, 29.9871, 30.087, 30.1035, 30.0822, 29.8463, 29.875, 30.0305, 29.9536, 29.8885, 29.9794, 29.9712, 29.9467, 29.9287, 30.0243, 30.1603, 6.61693, 0.909455, 0.909085, 0.91312, 0.908722, 0.910875, 0.910712, 0.91319, 0.912476, 0.912595, 0.909128, 0.909943, 0.909943, 0.91193, 0.910401, 0.912991, 0.911444, 0.911424, 0.911177, 0.912802, 0.9112, 0.911679, 0.907904, 0.908282, 0.911001, 0.909742, 0.912362, 0.910202, 0.906975, 0.906518, 0.907498, 0.90923, 0.907648, 0.906739, 0.908405, 0.906137, 0.907192, 0.904224, 0.905821, 0.90597, 0.907334

scal_read_bcm4c_current = 29.8041, 29.8872, 29.7453, 29.7611, 29.8489, 29.9462, 29.9584, 29.9412, 29.7109, 29.7396, 29.8874, 29.8115, 29.758, 29.8424, 29.8353, 29.8096, 29.7928, 29.8867, 30.0303, 6.50188, 0.798796, 0.797581, 0.797974, 0.799855, 0.799988, 0.799154, 0.796847, 0.795956, 0.796612, 0.796898, 0.798311, 0.79946, 0.799024, 0.802572, 0.801193, 0.800919, 0.801008, 0.800225, 0.800531, 0.798609, 0.796905, 0.796878, 0.79614, 0.796446, 0.795556, 0.795377, 0.795682, 0.794416, 0.794301, 0.793551, 0.794197, 0.794002, 0.79456, 0.796215, 0.797435, 0.797669, 0.796758, 0.795437, 0.794795, 0.796292

scal_read_event = 1, 4794, 9664, 10000, 14886, 19803, 20000, 24892, 29772, 30000, 34869, 39760, 40000, 44852, 49745, 50000, 54875, 59778, 60000, 64117, 64118, 64119, 64120, 64121, 64122, 64123, 64124, 64125, 64126, 64127, 64128, 64129, 64130, 64131, 64132, 64133, 64134, 64135, 64136, 64137, 64138, 64139, 64140, 64141, 64142, 64143, 64144, 64145, 64146, 64147, 64148, 64149, 64150, 64151, 64152, 64153, 64154, 64155, 64156, 64156