num_scal_reads = 25

scal_read_bcm1_current = 61.0404, 60.8482, 60.8256, 60.7556, 60.9039, 60.7331, 60.8529, 60.7583, 60.4851, 60.7495, 60.6978, 60.5398, 60.4194, 60.4243, 60.4242, 31.1215, 0.0278205, 0.0276423, 0.0278429, 0.0278878, 0.0273961, 0.0274858, 0.0279772, 18.1391, 12.913

scal_read_bcm2_current = 61.171, 61.0391, 61.0167, 60.946, 61.0963, 60.9235, 61.045, 60.9495, 60.672, 60.9404, 60.8885, 60.7279, 60.6059, 60.6107, 60.6112, 31.23, 0.0525343, 0.0524303, 0.0523511, 0.0525084, 0.052456, 0.0524563, 0.0524037, 18.1915, 12.958

scal_read_bcm4a_current = 61.1698, 60.9772, 60.9634, 60.892, 61.0352, 60.8608, 60.9807, 60.8839, 60.6094, 60.88, 60.8284, 60.6654, 60.5428, 60.55, 60.5533, 31.455, 0.579758, 0.579794, 0.579889, 0.580086, 0.57927, 0.579956, 0.580739, 18.3034, 13.2078

scal_read_bcm4b_current = 61.4274, 61.2022, 61.1778, 61.1027, 61.2517, 61.0846, 61.206, 61.1126, 60.8445, 61.1078, 61.0539, 60.8972, 60.7763, 60.7762, 60.7817, 31.7359, 0.906458, 0.905835, 0.906039, 0.905202, 0.903732, 0.903315, 0.903733, 18.2962, 13.322

scal_read_bcm4c_current = 61.2012, 61.013, 61.0742, 60.9738, 61.0921, 60.9086, 61.0382, 60.9304, 60.6688, 61.0068, 60.9059, 60.7154, 60.573, 60.5819, 60.5988, 31.4763, 0.580011, 0.580014, 0.579667, 0.578432, 0.578706, 0.577609, 0.578089, 18.2595, 13.1686

scal_read_event = 1, 1137, 2341, 3470, 4576, 5754, 6897, 8013, 9113, 10000, 11105, 12267, 13363, 14550, 15641, 16218, 16227, 16234, 16242, 16249, 16257, 16266, 16274, 16642, 1e+38