num_scal_reads = 56

scal_read_bcm1_current = 0.026601, 0.0262579, 0.0263013, 0.0264355, 0.0263682, 0.0266811, 0.0263832, 0.0262199, 0.0264574, 0.0262003, 0.0265367, 0.0265469, 0.0265247, 0.0264883, 0.0268513, 0.0265026, 0.0267036, 0.0272618, 0.0265693, 0.026659, 0.0265919, 0.0266139, 0.0267708, 0.0267032, 0.0265696, 0.0267481, 0.0264132, 0.0261445, 0.0262793, 0.0263683, 22.3338, 39.7653, 44.2336, 57.3662, 62.0029, 64.1432, 64.0147, 64.0083, 64.1419, 63.9516, 63.9286, 64.0733, 63.8837, 63.1804, 63.0343, 63.0736, 63.9483, 66.6606, 37.469, 0.0266368, 0.026793, 0.0263683, 0.0268939, 0.0262903, 0.0263013, 0.0265598

scal_read_bcm2_current = 0.0517746, 0.0518553, 0.0516968, 0.051854, 0.0517751, 0.0519323, 0.0519209, 0.0519444, 0.0518797, 0.0519643, 0.0518492, 0.0517751, 0.0518538, 0.0518584, 0.051865, 0.0518279, 0.051854, 0.0518797, 0.0519061, 0.0519064, 0.0519325, 0.0519583, 0.0518279, 0.0519582, 0.0519064, 0.0519061, 0.0518279, 0.0519319, 0.0518804, 0.0517753, 22.4477, 39.955, 44.4456, 57.6354, 62.3339, 64.5028, 64.373, 64.366, 64.501, 64.3087, 64.2847, 64.4311, 64.24, 63.5291, 63.3817, 63.4214, 64.3122, 67.088, 37.7155, 0.0518804, 0.0519587, 0.0519847, 0.0519519, 0.051887, 0.052011, 0.0518939

scal_read_bcm4a_current = 0.665945, 0.665056, 0.670626, 0.660738, 0.662196, 0.662131, 0.665108, 0.663612, 0.667447, 0.670014, 0.670616, 0.661839, 0.665665, 0.664094, 0.666391, 0.666834, 0.666379, 0.663427, 0.670139, 0.668973, 0.674581, 0.664886, 0.667352, 0.668257, 0.665569, 0.667253, 0.667223, 0.665275, 0.666996, 0.665374, 22.578, 39.7322, 44.1705, 57.2227, 61.8934, 64.0521, 63.9218, 63.9173, 64.049, 63.8564, 63.8332, 63.9846, 63.7876, 63.0723, 62.9201, 62.9623, 63.8603, 66.6194, 37.7215, 0.66732, 0.665245, 0.665536, 0.667184, 0.667417, 0.666735, 0.667017

scal_read_bcm4b_current = 0.913896, 0.912773, 0.903523, 0.898487, 0.895965, 0.899954, 0.905106, 0.90402, 0.892815, 0.910151, 0.896395, 0.888619, 0.902473, 0.896108, 0.902862, 0.901636, 0.898697, 0.895334, 0.886521, 0.897858, 0.895338, 0.901842, 0.904785, 0.903519, 0.904364, 0.903102, 0.903525, 0.904568, 0.905625, 0.903313, 22.8028, 39.9859, 44.4793, 57.6658, 62.3917, 64.567, 64.4325, 64.4287, 64.5588, 64.3534, 64.3269, 64.4805, 64.2843, 63.5501, 63.3977, 63.4378, 64.3446, 67.1322, 38.1135, 0.904156, 0.891561, 0.891559, 0.897886, 0.903345, 0.904363, 0.903424

scal_read_bcm4c_current = 0.748929, 0.751637, 0.752028, 0.739717, 0.747635, 0.743243, 0.745829, 0.737286, 0.743042, 0.750457, 0.749484, 0.740647, 0.740914, 0.739443, 0.738416, 0.739585, 0.745041, 0.73459, 0.742644, 0.743444, 0.742579, 0.733526, 0.741182, 0.738517, 0.739451, 0.741779, 0.743178, 0.740779, 0.740384, 0.740914, 21.9908, 38.5888, 42.8866, 55.5977, 60.2062, 62.3623, 62.249, 62.0204, 62.1729, 62.0053, 61.9464, 62.1147, 62.0292, 61.2566, 61.1727, 61.2758, 61.9924, 64.5908, 36.6767, 0.739984, 0.740649, 0.744375, 0.740463, 0.737484, 0.738585, 0.74192

scal_read_event = 1, 9, 17, 24, 32, 40, 47, 54, 61, 68, 76, 83, 90, 97, 104, 111, 118, 125, 132, 140, 147, 154, 161, 168, 176, 184, 191, 199, 206, 213, 962, 2315, 3775, 5604, 7525, 9563, 10000, 11927, 13967, 16024, 17995, 20000, 22012, 23975, 25924, 27871, 29942, 30000, 31345, 31352, 31359, 31366, 31373, 31380, 31387, 31392