num_scal_reads = 45

scal_read_bcm1_current = 0.062705, 0.95911, 3.55252, 7.26327, 14.0537, 18.1865, 21.2646, 27.3498, 29.1414, 29.9135, 29.9579, 29.9109, 29.8511, 29.8462, 29.7735, 29.8127, 29.9263, 29.9302, 30.0311, 29.964, 29.9061, 29.971, 29.9537, 30.026, 29.9344, 29.9726, 29.816, 29.8473, 29.9607, 29.9323, 29.964, 30.0316, 30.0094, 29.944, 29.8422, 29.3782, 29.3883, 29.3735, 29.3044, 29.3845, 29.5239, 29.4121, 29.3747, 29.3711, 29.3892

scal_read_bcm2_current = 0.0867416, 0.989658, 3.58576, 7.30755, 14.1186, 18.2662, 21.3547, 27.4607, 29.2578, 30.032, 30.0769, 30.0295, 29.9701, 29.9653, 29.8923, 29.9312, 30.0447, 30.0482, 30.1501, 30.0825, 30.0248, 30.09, 30.0729, 30.1456, 30.0536, 30.0923, 29.9353, 29.9671, 30.0808, 30.0521, 30.0843, 30.1519, 30.1295, 30.0641, 29.9622, 29.4968, 29.5071, 29.4916, 29.4226, 29.5027, 29.6425, 29.5304, 29.4927, 29.489, 29.5073

scal_read_bcm4a_current = 0.691817, 1.25806, 3.77521, 7.45042, 14.1904, 18.2917, 21.3434, 27.3777, 29.154, 29.9168, 29.9612, 29.9146, 29.8542, 29.8506, 29.7777, 29.818, 29.9303, 29.9315, 30.0296, 29.9651, 29.9101, 29.9751, 29.9563, 30.0314, 29.9437, 29.981, 29.8223, 29.8535, 29.9647, 29.9368, 29.9716, 30.0345, 30.013, 29.9507, 29.8505, 29.3905, 29.3994, 29.3837, 29.3123, 29.3927, 29.532, 29.4215, 29.3822, 29.3787, 29.3994

scal_read_bcm4b_current = 0.917947, 1.24561, 3.62458, 7.30867, 14.0966, 18.2775, 21.3853, 27.5381, 29.3355, 30.1072, 30.1548, 30.1033, 30.0434, 30.0392, 29.968, 30.003, 30.1189, 30.1195, 30.2228, 30.1537, 30.0958, 30.1612, 30.142, 30.2194, 30.1247, 30.1665, 30.0067, 30.0385, 30.1534, 30.1272, 30.1641, 30.2294, 30.2047, 30.1396, 30.0382, 29.5734, 29.5829, 29.5664, 29.4951, 29.5755, 29.7178, 29.6038, 29.5663, 29.5635, 29.5798

scal_read_bcm4c_current = 0.818871, 1.32884, 3.85093, 7.50478, 14.1999, 18.295, 21.3452, 27.3776, 29.1553, 29.9206, 29.9639, 29.9185, 29.8602, 29.8552, 29.7818, 29.8214, 29.9331, 29.9372, 30.0335, 29.9712, 29.9126, 29.9769, 29.9579, 30.0297, 29.9382, 29.9782, 29.8245, 29.8553, 29.967, 29.9392, 29.9713, 30.0377, 30.0167, 29.9516, 29.8538, 29.3951, 29.4067, 29.3924, 29.3249, 29.4045, 29.5406, 29.4304, 29.3934, 29.3888, 29.4052

scal_read_event = 1, 64, 290, 755, 1650, 2797, 4136, 5850, 7673, 9543, 10000, 11863, 13728, 15594, 17457, 19323, 20000, 21861, 23740, 25617, 27491, 29367, 30000, 31867, 33740, 35617, 37482, 39350, 40000, 41853, 43728, 45605, 47482, 49356, 50000, 51831, 53668, 55503, 57336, 59171, 60000, 61839, 63678, 65518, 66666