num_scal_reads = 12

scal_read_bcm1_current = 0.0352203, 1.19873, 3.74241, 3.73634, 18.1543, 16.9029, 15.1265, 15.0595, 15.0403, 15.0335, 15.04, 15.0546

scal_read_bcm2_current = 0.054657, 1.23065, 3.77937, 3.77316, 18.2482, 16.9911, 15.2074, 15.1403, 15.1212, 15.1139, 15.1206, 15.1356

scal_read_bcm4a_current = 0.667746, 1.48704, 3.96153, 3.95487, 18.269, 17.0283, 15.2653, 15.1993, 15.1809, 15.1741, 15.182, 15.1954

scal_read_bcm4b_current = 0.899126, 1.44186, 3.7921, 3.78587, 18.2337, 16.9727, 15.1837, 15.1183, 15.098, 15.0908, 15.1014, 15.1123

scal_read_bcm4c_current = 0.793599, 1.55001, 4.02765, 4.02157, 18.2241, 16.9848, 15.2259, 15.1599, 15.1414, 15.1358, 15.1431, 15.1583

scal_read_event = 1, 51, 207, 361, 1107, 1806, 2432, 3049, 3672, 4294, 4913, 5293