
; SHMS aerogel gain factors from 0.5% C production run 4698
paero_neg_gain = 1./13.0028, 1./10.9573, 1./12.5605, 1./11.7673, 1./10.4386, 1./8.43599, 1./12.7153, 
paero_pos_gain = 1./7.3107, 1./9.89528, 1./10.4261, 1./12.6266, 1./10.4952, 1./10.6188, 1./10.7433, 
