1-99999
gpbeam=999
gtarg_num = 999
htheta_lab = 999
stheta_lab = 999
hpcentral = 999
spcentral = 999
hpartmass = 0.00051099
spartmass = 0.00051099
